-,-,-
-87.646484, 113.281250, 1070.312500
-74.951172, 145.507812, 942.382812
-87.646484, 72.753906, 956.054688
-48.583984, 83.007812, 995.117188
-43.212891, 57.617188, 1015.625000
47.851562, 67.382812, 914.062500
55.664062, 47.363281, 1054.687500
109.375000, 48.339844, 1007.324219
159.179688, 55.664062, 985.351562
155.761719, 53.710938, 1010.253906
168.457031, 96.679688, 977.539062
-97.900391, -131.591797, 804.687500
145.996094, 22.460938, 936.523438
153.320312, 15.625000, 1009.277344
104.492188, 42.968750, 1002.441406
69.335938, 59.570312, 993.652344
19.531250, 41.503906, 990.234375
73.242188, 75.195312, 931.640625
-13.427734, 43.945312, 938.476562
-47.119141, 65.429688, 976.562500
-43.212891, 94.726562, 994.140625
-53.466797, 91.796875, 1020.507812
-90.576172, 77.148438, 993.164062
-101.318359, 94.238281, 1007.324219
-104.736328, 86.914062, 997.070312
-133.056641, 42.968750, 970.703125
-134.033203, 50.781250, 994.140625
-134.521484, 148.437500, 1130.371094
-,-,-
-25.146484, -23.681641, 860.351562
-47.607422, -44.677734, 956.054688
-56.396484, -59.326172, 983.398438
44.433594, -47.607422, 1077.148438
97.167969, -30.029297, 1079.101562
168.457031, -8.544922, 1022.460938
178.222656, -68.115234, 958.984375
189.941406, -61.279297, 988.281250
164.062500, -96.435547, 1009.277344
143.554688, -69.580078, 996.093750
159.179688, -64.208984, 978.515625
131.835938, 39.062500, 964.843750
121.582031, -50.537109, 1029.296875
120.117188, -74.462891, 1026.367188
62.500000, -105.224609, 970.703125
37.109375, -68.603516, 923.828125
29.296875, -31.982422, 1004.394531
46.875000, -39.794922, 1034.179688
42.480469, 12.695312, 965.820312
-19.287109, 0.488281, 1037.109375
1.953125, -9.521484, 945.312500
-59.326172, -18.310547, 958.984375
-96.923828, 33.203125, 1023.437500
-126.708984, 9.765625, 953.125000
-162.353516, -10.498047, 1030.273438
-165.771484, 1.953125, 1032.226562
-156.494141, 19.531250, 1014.648438
-157.958984, -30.029297, 1015.625000
-,-,-
45.898438, 63.476562, 886.718750
-25.146484, -4.638672, 1031.250000
30.273438, -32.958984, 1012.695312
128.417969, -39.794922, 926.757812
143.554688, -10.498047, 1024.414062
177.734375, -56.396484, 1006.347656
203.125000, -31.982422, 979.492188
155.761719, -42.724609, 985.351562
122.558594, -54.443359, 1010.742188
110.839844, -171.142578, 1038.085938
130.859375, -67.626953, 954.101562
107.910156, -26.611328, 973.632812
70.312500, -41.748047, 1027.832031
69.335938, -29.052734, 989.257812
20.996094, -28.076172, 936.523438
20.507812, -15.380859, 1040.039062
49.316406, -4.638672, 978.515625
33.691406, -0.244141, 983.398438
10.253906, -14.404297, 1033.203125
-20.263672, -17.822266, 1034.179688
-22.705078, -87.646484, 942.382812
-45.166016, -50.537109, 966.796875
-86.669922, -38.818359, 1001.953125
-119.384766, -44.677734, 1005.371094
-161.376953, -31.005859, 998.046875
-196.533203, -47.119141, 989.257812
-246.337891, -46.630859, 986.328125
-298.583984, -128.662109, 985.351562
-62.744141, -73.486328, 972.656250
-1.708984, -54.443359, 1097.656250
-,-,-
132.812500, -13.427734, 946.289062
83.007812, 11.718750, 892.578125
78.613281, -21.240234, 977.539062
139.648438, -44.677734, 1064.453125
170.898438, -32.958984, 975.585938
174.804688, -11.474609, 961.914062
119.140625, -68.115234, 971.679688
78.613281, -96.435547, 1040.039062
128.417969, -84.716797, 983.398438
102.539062, -67.138672, 1008.300781
142.578125, -103.271484, 980.957031
124.023438, -78.857422, 979.492188
104.492188, -28.076172, 975.585938
69.335938, -44.677734, 994.140625
43.457031, -38.818359, 985.351562
40.527344, -21.728516, 962.890625
17.089844, -3.662109, 1005.371094
14.648438, -16.357422, 977.539062
-38.330078, -32.958984, 997.070312
-84.228516, -33.935547, 1020.507812
-143.310547, -55.419922, 975.585938
-184.326172, -43.701172, 933.593750
-262.451172, -48.095703, 1004.394531
-344.970703, -65.185547, 1011.718750
-317.138672, -74.951172, 958.984375
-351.318359, -82.763672, 976.562500
-118.896484, -57.373047, 1008.300781
-,-,-
57.128906, 23.925781, 930.664062
21.972656, 1.953125, 941.406250
28.320312, -2.685547, 1038.085938
84.960938, -18.798828, 1029.296875
155.273438, -28.076172, 940.429688
129.882812, -54.443359, 998.046875
123.535156, -93.017578, 1009.765625
144.042969, -82.763672, 978.515625
147.460938, -65.185547, 1012.695312
229.980469, -67.138672, 769.042969
146.972656, -120.361328, 918.945312
51.757812, -123.291016, 1123.535156
105.957031, -39.794922, 992.187500
83.496094, -21.240234, 962.890625
62.011719, -2.685547, 1005.371094
47.851562, -29.541016, 1021.484375
10.253906, -31.005859, 1014.160156
-19.775391, -31.982422, 976.562500
-81.787109, -51.513672, 1063.476562
-106.689453, -57.373047, 958.984375
-163.818359, -61.279297, 931.640625
-201.904297, -86.669922, 963.867188
-228.271484, -52.490234, 995.117188
-221.435547, -41.748047, 988.281250
-230.712891, -35.888672, 987.304688
-227.783203, -27.099609, 980.468750
-308.837891, -74.462891, 993.164062
-,-,-
158.203125, -37.841797, 937.500000
70.312500, -19.287109, 947.265625
-1.220703, -3.662109, 971.679688
46.875000, -26.611328, 990.234375
126.464844, -6.591797, 1095.703125
156.738281, -11.474609, 1000.976562
114.257812, -60.302734, 966.796875
62.011719, -78.857422, 972.656250
77.636719, -91.552734, 991.210938
-110.595703, -11.474609, 703.125000
31.250000, -103.271484, 985.351562
83.496094, -31.005859, 1009.277344
66.894531, -44.677734, 1002.441406
11.230469, -17.333984, 1019.531250
-2.197266, -32.958984, 974.609375
-1.708984, -21.240234, 951.171875
-26.611328, -37.841797, 991.699219
-65.673828, -70.068359, 1036.132812
-87.646484, -80.810547, 1033.203125
-110.107422, -64.208984, 947.265625
-135.498047, -76.416016, 979.492188
-171.142578, -70.068359, 943.359375
-187.744141, -58.349609, 963.867188
-238.037109, -38.818359, 1076.171875
-205.810547, -5.615234, 982.421875
-206.298828, 1.464844, 988.281250
-249.755859, -10.498047, 994.140625
-231.201172, -34.912109, 1046.875000
-142.333984, -78.857422, 967.773438
-,-,-
35.156250, 8.789062, 983.398438
17.089844, -26.123047, 966.796875
31.250000, -5.615234, 1030.273438
49.316406, -46.630859, 958.984375
49.316406, -27.099609, 1022.460938
81.542969, -48.095703, 993.164062
95.214844, -24.658203, 986.328125
92.285156, -24.658203, 1021.484375
85.937500, -30.029297, 1032.226562
-63.720703, -56.396484, 916.992188
58.105469, -61.279297, 997.070312
59.082031, -59.326172, 951.171875
0.488281, -79.833984, 979.492188
10.253906, -19.287109, 1083.984375
29.785156, -6.591797, 976.562500
26.855469, 15.625000, 992.675781
32.714844, -4.150391, 976.562500
0.976562, 14.648438, 962.890625
-13.427734, -23.681641, 1015.136719
-30.517578, -6.591797, 1021.484375
-49.560547, 4.882812, 1005.371094
-78.857422, -12.451172, 999.023438
-126.708984, -0.732422, 1005.371094
-113.037109, -8.544922, 938.476562
-154.052734, 19.042969, 971.679688
-199.951172, -40.771484, 992.187500
-207.275391, -21.240234, 1022.460938
-233.642578, -44.677734, 1003.417969
-230.712891, 22.949219, 1016.601562
-,-,-
62.500000, 0.488281, 1060.546875
32.714844, -28.076172, 1054.687500
72.753906, -15.380859, 955.078125
76.171875, -31.005859, 1004.394531
125.000000, -40.771484, 1004.882812
121.093750, -51.513672, 1011.718750
133.300781, -45.654297, 1018.554688
140.136719, -35.888672, 996.093750
130.859375, -32.958984, 991.210938
115.722656, -15.869141, 1116.210938
104.003906, -42.724609, 966.796875
94.726562, -23.681641, 1009.277344
55.175781, -36.865234, 1018.554688
26.855469, -42.724609, 959.960938
9.277344, -19.287109, 1029.785156
-20.263672, -40.771484, 952.148438
-47.119141, -49.072266, 968.750000
-76.416016, -17.333984, 1029.296875
-80.810547, -18.310547, 998.046875
-128.662109, -20.263672, 1040.039062
-135.009766, -65.185547, 928.710938
-170.654297, -1.220703, 969.726562
-223.876953, -5.615234, 1042.968750
-229.248047, 12.695312, 997.070312
-210.693359, 37.109375, 991.210938
-276.611328, 23.925781, 998.046875
-114.990234, -15.380859, 991.210938
-9.521484, -4.638672, 1014.648438
-,-,-
166.015625, 46.386719, 1048.828125
135.253906, 30.273438, 1084.960938
108.398438, -3.662109, 1119.140625
172.363281, -3.662109, 954.101562
162.597656, -7.568359, 955.078125
126.464844, -28.076172, 1010.253906
128.906250, -46.142578, 1000.000000
121.582031, 0.976562, 957.031250
-35.888672, 5.859375, 892.089844
100.585938, -54.443359, 1045.898438
127.441406, -11.474609, 949.218750
82.519531, -12.451172, 1004.394531
101.074219, -15.380859, 1004.394531
74.707031, -31.005859, 989.746094
55.175781, -31.005859, 1012.207031
34.667969, -36.865234, 1014.160156
43.457031, -38.818359, 971.679688
-9.521484, -2.197266, 987.304688
-96.923828, 18.066406, 1061.523438
-72.509766, -20.751953, 1009.765625
-67.138672, 4.882812, 997.070312
-90.087891, -2.685547, 977.539062
-104.736328, -12.451172, 961.914062
-113.037109, -31.005859, 995.117188
-147.216797, -39.794922, 982.421875
-189.697266, -29.052734, 1009.765625
-208.740234, -27.099609, 994.140625
-248.779297, -18.310547, 1021.484375
-,-,-
232.421875, -49.560547, 1012.695312
168.457031, -25.634766, 1023.437500
98.632812, -24.658203, 1041.015625
111.328125, 25.390625, 1075.195312
157.714844, -6.591797, 950.195312
146.972656, -25.634766, 978.515625
130.859375, -31.982422, 1007.324219
138.183594, -22.216797, 987.304688
104.980469, -32.958984, 991.210938
72.753906, -44.677734, 995.117188
53.710938, 70.800781, 1021.484375
61.035156, -36.865234, 990.722656
54.199219, -54.443359, 970.703125
31.738281, -36.865234, 1002.441406
30.273438, -23.193359, 1003.417969
48.828125, -4.638672, 972.656250
35.644531, 26.855469, 1006.347656
25.390625, 27.343750, 1000.000000
12.695312, 4.882812, 977.539062
-17.822266, -17.333984, 975.585938
-48.583984, 1.953125, 1041.992188
-64.697266, -12.451172, 989.257812
-126.708984, -13.427734, 996.093750
-138.916016, 11.718750, 965.820312
-182.373047, 13.671875, 981.445312
-221.435547, 10.742188, 995.117188
-249.267578, 5.859375, 999.023438
-264.404297, 0.000000, 1012.695312
-242.431641, 22.949219, 1000.976562
-,-,-
61.035156, -27.099609, 1053.710938
64.941406, 18.066406, 1044.921875
110.351562, -51.513672, 984.375000
124.023438, -22.705078, 963.867188
120.605469, -23.193359, 1026.367188
139.160156, -31.005859, 993.164062
146.484375, -36.865234, 994.140625
113.281250, -47.119141, 976.562500
72.753906, -82.763672, 1074.218750
73.242188, -45.166016, 986.328125
52.734375, -65.185547, 951.171875
51.269531, -17.333984, 1029.296875
26.855469, 0.488281, 987.304688
43.945312, 3.417969, 1011.230469
45.410156, 11.718750, 968.750000
-9.033203, -10.498047, 1016.601562
-17.822266, -18.310547, 985.351562
-64.208984, -9.521484, 1003.906250
-91.064453, -57.373047, 965.820312
-150.634766, -31.005859, 948.242188
-188.232422, 3.906250, 1032.226562
-203.369141, 6.835938, 973.632812
-226.318359, 39.062500, 955.078125
-205.810547, 1.953125, 971.679688
-215.087891, -8.544922, 966.796875
-207.763672, 11.718750, 1034.179688
-233.154297, -30.029297, 1029.296875
-217.041016, -16.357422, 999.023438
-,-,-
128.417969, 1.464844, 995.117188
152.343750, -26.123047, 1022.460938
120.117188, -70.068359, 956.054688
116.699219, -48.095703, 973.632812
102.050781, -63.232422, 998.046875
114.257812, -58.349609, 992.187500
125.000000, -50.048828, 994.140625
119.140625, -63.232422, 985.351562
106.445312, -47.119141, 1119.628906
73.730469, -53.466797, 983.886719
60.546875, -32.958984, 1000.488281
55.175781, -13.427734, 1017.089844
3.417969, -8.544922, 990.722656
-6.103516, -31.494141, 983.398438
-34.423828, -56.396484, 1007.324219
-25.634766, -37.841797, 972.656250
-49.560547, -39.794922, 1009.277344
-81.787109, -52.490234, 1019.531250
-91.552734, -67.138672, 982.421875
-135.986328, -39.794922, 975.585938
-176.513672, 6.835938, 1008.300781
-222.900391, 4.882812, 969.726562
-246.826172, -67.138672, 999.023438
-220.458984, -17.333984, 1014.648438
-200.927734, 16.601562, 1028.320312
-,-,-
132.812500, -21.240234, 1000.976562
105.468750, -11.474609, 1032.226562
133.300781, -34.912109, 977.539062
130.859375, -56.396484, 996.093750
128.906250, -88.623047, 997.070312
132.812500, -76.904297, 989.257812
125.000000, -58.349609, 992.187500
118.164062, -49.072266, 977.539062
108.398438, -111.083984, 1041.503906
101.074219, -55.908203, 974.121094
78.613281, -49.560547, 1007.324219
66.894531, -21.728516, 1025.390625
46.875000, -29.052734, 1023.437500
11.718750, -32.958984, 988.769531
12.207031, -48.095703, 968.750000
-26.123047, -49.072266, 950.195312
-38.818359, -58.349609, 963.867188
-86.181641, -28.076172, 1010.742188
-90.087891, -43.701172, 1019.531250
-99.365234, -14.404297, 1007.324219
-93.505859, -8.544922, 978.515625
-128.173828, -33.935547, 996.093750
-146.240234, -30.029297, 1013.671875
-172.607422, -34.912109, 972.656250
-213.623047, -52.978516, 1000.976562
-230.712891, -31.005859, 1008.300781
-252.197266, -13.427734, 1052.734375
-,-,-
62.011719, 3.906250, 1010.742188
75.683594, -66.162109, 1037.109375
83.984375, -37.841797, 991.210938
77.636719, -46.630859, 1022.460938
106.933594, -40.771484, 1006.347656
132.812500, -56.396484, 961.914062
132.812500, -79.833984, 978.515625
174.316406, -70.556641, 1041.015625
97.656250, -95.947266, 987.304688
78.613281, -82.763672, 1015.625000
62.011719, -57.373047, 955.078125
47.851562, -60.302734, 995.117188
46.875000, -47.119141, 1006.347656
41.015625, -55.419922, 962.890625
36.621094, -59.326172, 1003.417969
25.390625, -71.533203, 966.796875
2.929688, -58.349609, 1020.507812
-14.404297, -60.302734, 1010.253906
-36.865234, -43.701172, 988.281250
-41.748047, -85.693359, 989.257812
-52.490234, -43.701172, 1020.507812
-52.978516, -30.029297, 946.289062
-119.384766, -63.232422, 958.984375
-116.943359, -33.935547, 1049.804688
-134.033203, -63.232422, 960.937500
-177.490234, -29.052734, 1033.203125
-421.142578, -86.669922, 1111.328125
-,-,-
161.621094, -91.552734, 1020.507812
123.046875, -118.408203, 1082.031250
125.976562, -114.990234, 1045.898438
133.300781, -83.740234, 966.796875
125.488281, -75.927734, 971.679688
76.171875, -104.248047, 995.117188
92.285156, -84.716797, 971.679688
89.843750, -80.810547, 1049.804688
65.917969, -82.763672, 988.769531
69.335938, -84.716797, 991.699219
67.871094, -71.533203, 995.117188
50.292969, -67.138672, 1008.300781
43.457031, -79.833984, 1000.000000
24.414062, -63.232422, 1004.394531
20.996094, -68.115234, 976.562500
13.671875, -72.509766, 967.773438
-22.216797, -56.396484, 1022.460938
-40.771484, -56.396484, 1005.371094
-57.861328, -33.935547, 1002.929688
-55.908203, -71.044922, 909.179688
-100.341797, -30.029297, 1038.085938
-109.619141, -56.396484, 993.164062
-119.873047, -46.142578, 1014.648438
-129.638672, -64.208984, 995.117188
-138.427734, -45.166016, 993.164062
-177.978516, -42.724609, 1008.789062
40.039062, 71.777344, 916.015625
-215.576172, 7.812500, 1056.640625
-,-,-
118.164062, 12.695312, 938.476562
54.687500, -23.193359, 964.843750
63.964844, -19.287109, 969.726562
52.734375, 4.882812, 1000.488281
78.613281, -25.634766, 970.703125
14.160156, -60.302734, 1088.867188
108.398438, 11.718750, 1024.902344
103.515625, -31.005859, 1000.000000
103.515625, -33.935547, 994.628906
105.957031, -28.076172, 981.445312
71.777344, -37.841797, 977.539062
59.570312, -37.841797, 985.839844
29.296875, -41.748047, 1006.347656
19.531250, -40.771484, 968.750000
-42.724609, -39.794922, 1059.570312
-45.166016, -40.771484, 985.351562
-84.228516, -45.166016, 969.726562
-103.271484, -22.705078, 989.257812
-156.005859, -68.603516, 1016.601562
-150.634766, -58.349609, 952.148438
-182.373047, -53.466797, 970.703125
-190.673828, -72.998047, 1010.742188
-189.697266, -62.255859, 970.703125
-201.904297, -81.787109, 966.796875
-196.044922, -72.509766, 1020.507812
-177.978516, -61.279297, 1013.671875
-,-,-
77.636719, -63.232422, 955.078125
81.054688, -43.701172, 1064.453125
120.117188, -51.513672, 995.117188
104.492188, -75.439453, 1024.414062
113.281250, -82.763672, 991.210938
133.300781, -86.669922, 967.773438
75.195312, -44.189453, 1077.148438
114.746094, -64.208984, 954.101562
97.656250, -61.767578, 994.140625
87.890625, -104.248047, 968.750000
96.679688, -57.373047, 1004.394531
71.289062, -52.978516, 995.605469
58.593750, -45.166016, 973.632812
41.015625, -37.841797, 993.164062
27.343750, -29.052734, 974.609375
5.371094, -34.912109, 966.796875
-26.611328, -25.146484, 997.070312
-38.818359, -36.865234, 977.539062
-57.373047, -35.888672, 972.656250
-50.537109, -27.099609, 983.398438
-31.494141, -35.888672, 1025.390625
-50.537109, -4.638672, 1022.460938
-78.857422, -31.982422, 1029.296875
-97.412109, -54.443359, 972.656250
-176.513672, -49.560547, 983.398438
-230.224609, -40.771484, 1016.601562
-235.595703, -50.537109, 997.070312
-206.298828, -28.076172, 1006.347656
-,-,-
178.222656, -53.466797, 970.703125
145.996094, -82.763672, 1117.187500
52.734375, -50.048828, 1074.218750
86.425781, -72.509766, 1071.289062
130.859375, -84.716797, 972.656250
135.742188, -96.923828, 995.117188
141.113281, -118.896484, 957.031250
186.035156, -127.685547, 1025.390625
96.191406, -94.970703, 961.914062
88.378906, -83.740234, 985.351562
101.074219, -63.232422, 995.117188
84.960938, -81.787109, 992.675781
75.195312, -73.486328, 1020.507812
80.078125, -41.748047, 976.562500
51.757812, -41.748047, 979.492188
29.296875, -42.724609, 1011.718750
21.972656, -49.560547, 974.609375
-12.939453, -56.396484, 981.445312
-3.662109, -88.623047, 1007.324219
-58.349609, -52.978516, 988.281250
-112.548828, -51.513672, 996.093750
-111.572266, -62.255859, 956.054688
-146.728516, -68.603516, 957.031250
-187.744141, -42.724609, 1055.664062
-195.068359, -92.529297, 1006.347656
-177.490234, -92.529297, 995.117188
-194.091797, -78.857422, 1014.648438
-145.263672, -70.068359, 994.140625
-,-,-
137.207031, -28.076172, 1209.960938
105.957031, -22.216797, 1019.531250
56.640625, -7.568359, 1050.781250
74.218750, -66.162109, 1007.324219
86.914062, -72.509766, 984.375000
71.777344, -75.439453, 999.023438
94.238281, -91.552734, 977.539062
50.292969, -72.509766, 1090.332031
115.722656, -88.623047, 985.351562
93.750000, -82.763672, 982.421875
95.214844, -56.396484, 1011.230469
81.054688, -75.927734, 971.679688
73.730469, -49.560547, 1000.000000
48.339844, -55.419922, 1014.648438
32.714844, -62.255859, 996.093750
-1.220703, -41.748047, 993.652344
-31.005859, -47.119141, 983.398438
-39.306641, -48.095703, 973.632812
-94.482422, -30.517578, 1017.089844
-59.326172, -49.072266, 965.820312
-81.787109, -48.095703, 1026.367188
-88.134766, -43.701172, 1022.460938
-89.599609, -35.888672, 992.187500
-104.736328, -27.587891, 982.421875
-124.755859, -31.982422, 995.117188
-140.869141, -31.005859, 990.234375
-145.751953, -51.513672, 985.351562
-188.720703, -73.486328, 1023.437500
-187.255859, -56.396484, 994.140625
-182.373047, -50.048828, 1040.039062
-,-,-
-2.197266, -24.169922, 1041.992188
-6.591797, -59.326172, 1009.277344
24.414062, -44.677734, 1036.132812
-6.103516, -64.208984, 999.511719
-10.009766, -56.396484, 993.164062
12.207031, -68.115234, 958.984375
33.691406, -61.279297, 988.769531
32.714844, -60.302734, 995.605469
37.597656, -33.935547, 981.445312
33.691406, -46.142578, 999.023438
1.464844, -49.560547, 1041.992188
-9.521484, -37.841797, 1024.414062
-16.357422, -10.498047, 995.605469
-20.751953, -5.615234, 990.722656
-40.283203, -36.865234, 994.628906
-53.466797, -25.146484, 987.304688
-66.162109, -26.123047, 998.535156
-78.857422, -31.005859, 984.375000
-74.951172, -36.865234, 959.960938
-115.478516, -30.029297, 1020.507812
-102.294922, -25.146484, 994.140625
-92.529297, -39.794922, 1000.976562
-104.736328, -55.419922, 973.632812
-134.033203, -23.681641, 994.140625
-156.005859, -60.302734, 984.375000
-189.697266, -46.630859, 989.257812
-191.650391, -55.419922, 1001.953125
-195.556641, -73.974609, 994.140625
-213.623047, -58.349609, 1024.414062
-,-,-
89.843750, -31.982422, 1080.078125
96.191406, -12.451172, 1030.273438
56.152344, -20.263672, 1056.640625
65.429688, -7.568359, 1001.953125
76.660156, -38.818359, 965.820312
81.054688, -47.119141, 991.210938
101.074219, -63.232422, 1000.000000
118.652344, -58.349609, 985.351562
132.324219, -30.029297, 1001.464844
140.136719, -39.794922, 1011.718750
127.441406, -70.068359, 965.820312
115.722656, -29.052734, 1002.441406
81.542969, -20.263672, 996.582031
86.914062, -17.333984, 952.148438
37.597656, -5.615234, 983.398438
35.644531, -10.498047, 975.585938
15.625000, -1.708984, 971.679688
14.648438, -32.958984, 955.078125
-18.798828, 6.835938, 971.679688
-66.162109, -1.220703, 1013.671875
-113.525391, 11.718750, 1004.394531
-142.333984, -16.357422, 960.937500
-197.021484, -14.404297, 1004.882812
-198.486328, -10.498047, 987.304688
-215.576172, -31.005859, 1032.226562
-,-,-
23.437500, 23.925781, 961.914062
34.179688, 28.320312, 1040.039062
80.566406, 29.296875, 966.796875
94.726562, 7.812500, 1049.804688
121.582031, 12.695312, 1023.437500
52.734375, -54.443359, 970.703125
89.843750, 14.648438, 955.078125
118.164062, 24.902344, 1006.347656
102.050781, 32.226562, 983.398438
77.148438, 41.015625, 995.117188
80.078125, 40.039062, 1006.347656
51.757812, 5.859375, 981.445312
59.082031, 26.855469, 1013.183594
18.066406, 16.601562, 1002.441406
21.972656, 5.859375, 958.007812
-16.357422, 21.484375, 1017.578125
-18.310547, 23.925781, 980.468750
-59.326172, 22.949219, 973.632812
-64.208984, 42.968750, 1017.578125
-74.462891, -27.099609, 920.898438
-72.509766, -3.173828, 974.609375
-129.150391, -36.865234, 1037.109375
-69.580078, -36.865234, 957.031250
-158.935547, -38.818359, 1022.460938
-131.103516, -43.701172, 1006.347656
-162.353516, -50.537109, 991.210938
-218.017578, -86.669922, 1031.250000
-229.248047, -73.486328, 1028.320312
-179.931641, -46.630859, 1001.953125
-,-,-
49.316406, -60.302734, 1097.656250
20.996094, -23.681641, 1017.578125
75.195312, -71.533203, 898.437500
39.550781, -32.958984, 988.281250
57.128906, -26.123047, 1004.394531
-6.591797, -81.787109, 947.265625
54.199219, -76.904297, 1021.484375
87.402344, -58.349609, 968.750000
49.804688, -67.138672, 1012.207031
42.480469, -77.392578, 989.257812
21.484375, -63.232422, 1007.324219
9.277344, -55.419922, 997.558594
20.507812, -19.287109, 980.468750
-23.681641, -24.658203, 1007.812500
32.714844, -43.212891, 969.726562
17.089844, -45.654297, 950.195312
8.789062, -15.380859, 1055.664062
50.292969, -5.615234, 1025.390625
-25.146484, 33.203125, 763.183594
-34.423828, -31.982422, 985.351562
-65.673828, -59.326172, 986.328125
-127.197266, -68.115234, 991.210938
-145.751953, -86.669922, 983.398438
-182.373047, -87.646484, 988.281250
-209.716797, -82.763672, 1009.765625
-177.001953, -81.787109, 1000.000000
-156.005859, -61.279297, 1010.742188
-101.806641, -63.232422, 1018.554688
-,-,-
125.000000, 12.695312, 934.570312
108.398438, -10.498047, 1045.898438
174.804688, 80.078125, 1001.464844
123.535156, -40.771484, 975.585938
123.535156, -36.865234, 1038.085938
129.882812, -64.208984, 969.726562
102.539062, -37.841797, 977.539062
103.515625, -37.841797, 980.468750
102.050781, -8.544922, 1010.742188
104.003906, -36.865234, 951.171875
82.031250, -33.935547, 966.796875
51.269531, -33.935547, 1050.781250
71.289062, -27.099609, 1001.953125
58.593750, -30.029297, 970.703125
44.921875, -32.958984, 1017.578125
45.410156, -34.912109, 979.492188
31.250000, -2.197266, 1033.203125
12.695312, -56.396484, 989.257812
8.789062, -23.681641, 984.375000
-22.705078, -33.935547, 1021.484375
-41.748047, -15.380859, 991.210938
-76.904297, -41.748047, 1008.300781
-91.552734, -42.236328, 990.234375
-139.404297, -51.513672, 1015.625000
-154.052734, -78.857422, 958.984375
-189.697266, -61.279297, 1039.062500
-187.744141, -66.162109, 1034.179688
-,-,-
-86.669922, 47.363281, 1123.046875
19.531250, -54.443359, 968.750000
15.136719, -84.716797, 1032.226562
51.269531, -72.021484, 979.492188
65.917969, -47.119141, 1009.277344
83.984375, -53.466797, 1000.488281
99.609375, -65.185547, 969.726562
83.007812, -67.138672, 1007.324219
90.332031, -30.029297, 995.117188
57.128906, -52.001953, 988.281250
44.433594, -23.681641, 989.746094
25.878906, -11.474609, 989.257812
-12.451172, -34.912109, 1007.324219
-33.447266, -12.451172, 962.890625
-104.736328, 9.765625, 1050.292969
-86.669922, -19.775391, 993.164062
-109.130859, 0.000000, 998.046875
-125.732422, -31.982422, 975.585938
-154.052734, -21.240234, 975.585938
-194.091797, -12.451172, 1009.277344
-197.998047, -9.521484, 1006.347656
-199.951172, 9.765625, 1026.367188
-,-,-
25.878906, 41.015625, 1027.343750
13.671875, 13.671875, 1038.085938
1.953125, -29.052734, 984.375000
22.949219, -12.451172, 1026.367188
52.734375, -63.232422, 1012.207031
38.574219, -23.681641, 981.445312
44.921875, -29.052734, 999.511719
60.546875, -2.197266, 996.093750
43.457031, -25.146484, 1005.371094
44.921875, -34.912109, 1009.277344
27.343750, -21.240234, 1002.441406
31.250000, -17.333984, 982.421875
18.066406, -19.287109, 1000.488281
-15.380859, -12.451172, 1014.648438
-48.095703, -0.244141, 993.164062
-72.509766, -8.544922, 972.656250
-118.896484, -33.935547, 1003.417969
-99.853516, 4.882812, 984.375000
-146.728516, -31.982422, 983.398438
-150.634766, 3.906250, 1027.343750
-141.357422, -38.818359, 963.867188
-174.072266, -39.794922, 972.656250
-199.951172, -18.310547, 1020.507812
-221.435547, -44.677734, 1001.953125
-211.669922, -53.466797, 1005.371094
-,-,-
-42.724609, -86.669922, 963.867188
-86.669922, -54.443359, 1013.671875
-37.353516, -49.072266, 977.539062
-21.728516, -57.373047, 984.375000
-17.333984, -60.302734, 992.187500
29.296875, -56.396484, 981.445312
14.648438, -57.373047, 976.562500
13.671875, -53.466797, 971.679688
12.695312, -39.794922, 1038.085938
27.832031, -36.865234, 999.023438
21.972656, -56.396484, 966.796875
-26.123047, -46.630859, 1005.371094
-28.564453, -75.439453, 980.468750
-34.912109, -48.095703, 966.796875
-77.392578, -48.095703, 982.421875
-73.974609, -34.912109, 1039.062500
-103.759766, -27.099609, 976.562500
-116.455078, -56.396484, 971.679688
-121.337891, -27.099609, 1009.765625
-153.076172, -38.818359, 982.421875
-177.001953, 1.953125, 1007.812500
-175.537109, -15.380859, 969.726562
-196.044922, -39.794922, 939.453125
-230.712891, -24.169922, 998.046875
-257.080078, -58.349609, 1008.789062
-283.935547, -74.462891, 997.070312
-322.998047, -53.466797, 979.492188
-277.099609, -52.978516, 939.453125
-246.337891, -82.763672, 946.289062
-,-,-
-31.982422, -158.935547, 1579.101562
56.152344, -10.498047, 979.492188
21.972656, -16.357422, 1123.046875
66.894531, -44.677734, 967.773438
36.621094, -62.255859, 1008.789062
13.671875, -103.271484, 1018.554688
23.437500, -69.580078, 984.375000
15.136719, -54.443359, 982.421875
18.554688, -41.748047, 968.750000
25.878906, -71.533203, 990.722656
15.625000, -72.509766, 1042.968750
22.949219, -64.208984, 995.117188
11.718750, -49.072266, 977.539062
-10.009766, -40.283203, 1035.156250
-23.193359, -27.099609, 1015.625000
-23.681641, -41.748047, 975.585938
-103.271484, -1.220703, 921.875000
-41.748047, -21.728516, 1026.367188
-101.806641, -1.220703, 997.070312
-138.427734, 2.441406, 966.796875
-171.142578, 16.601562, 949.218750
-199.951172, -30.029297, 938.476562
-218.505859, -42.724609, 994.140625
-229.736328, -31.005859, 971.679688
-307.861328, -60.302734, 990.234375
-280.517578, -34.912109, 1063.476562
-294.677734, -55.419922, 984.375000
-,-,-
91.796875, -3.662109, 1003.417969
108.398438, -78.857422, 957.031250
34.667969, -52.490234, 1009.277344
37.597656, -62.255859, 1005.371094
40.039062, -61.279297, 1006.347656
44.433594, -63.232422, 991.699219
34.179688, -29.052734, 976.562500
1.953125, -56.396484, 1023.925781
20.996094, -30.029297, 1003.417969
-8.056641, -8.544922, 991.210938
-40.771484, -18.798828, 958.984375
-44.189453, -11.474609, 1001.464844
-56.396484, -41.748047, 959.960938
-178.955078, -49.560547, 1182.617188
-150.146484, -18.310547, 974.609375
-171.630859, -13.427734, 967.773438
-164.794922, 17.578125, 1015.625000
-190.673828, 22.949219, 1002.929688
-183.349609, 21.972656, 989.257812
-230.712891, -1.220703, 976.562500
-236.572266, -27.099609, 967.773438
-275.634766, -18.798828, 997.070312
-281.005859, -34.912109, 988.281250
-267.822266, -32.958984, 1019.531250
-,-,-
-10.009766, -20.263672, 1044.921875
17.089844, -1.220703, 1044.921875
16.113281, -52.490234, 994.628906
13.183594, -76.416016, 1031.250000
7.812500, -81.787109, 988.281250
28.320312, -67.138672, 1013.183594
50.292969, -62.255859, 948.242188
41.992188, -58.349609, 981.445312
30.273438, -70.556641, 1003.417969
36.132812, -52.001953, 995.605469
17.089844, -63.232422, 979.492188
21.972656, -49.072266, 1017.089844
4.394531, -37.841797, 995.605469
1.953125, -34.912109, 981.445312
-29.541016, -18.798828, 972.167969
-14.892578, 4.882812, 991.210938
-73.486328, -28.076172, 1012.695312
-72.509766, -37.841797, 977.539062
-117.431641, -11.474609, 1041.992188
-156.005859, -67.138672, 987.304688
-175.048828, -57.373047, 935.546875
-225.341797, -47.119141, 1072.265625
-210.693359, -38.818359, 1020.507812
-226.318359, -37.841797, 1007.812500
-,-,-
70.312500, -95.947266, 1015.625000
1.464844, -102.294922, 1099.609375
-14.404297, -82.763672, 1003.906250
43.457031, -83.740234, 1079.101562
104.980469, -122.314453, 994.628906
59.570312, -78.857422, 997.070312
50.292969, -79.833984, 1008.300781
24.902344, -77.880859, 946.289062
17.089844, -66.162109, 1008.789062
27.343750, -70.556641, 978.515625
6.347656, -80.810547, 994.628906
5.371094, -53.466797, 1008.300781
5.859375, -56.396484, 992.675781
-29.541016, -51.025391, 1024.902344
-31.005859, -55.419922, 998.046875
-35.888672, -41.748047, 974.609375
-98.388672, -54.931641, 1036.132812
-75.927734, -64.208984, 981.445312
-120.849609, -52.490234, 1011.718750
-152.099609, -53.466797, 976.562500
-174.072266, -57.373047, 950.195312
-184.326172, -63.232422, 973.632812
-203.369141, -39.794922, 999.023438
-250.732422, -58.349609, 992.187500
-297.119141, -78.857422, 1003.417969
-,-,-
95.214844, -119.384766, 1025.390625
60.546875, -78.857422, 1057.617188
100.585938, -29.052734, 1013.671875
41.503906, -73.486328, 991.210938
21.972656, -87.646484, 982.421875
0.488281, -87.646484, 980.468750
24.902344, -72.998047, 977.539062
3.906250, -83.740234, 985.351562
-4.638672, -58.349609, 1018.554688
8.789062, -58.349609, 985.839844
-43.212891, -95.947266, 948.242188
-44.189453, -84.716797, 1053.710938
-42.724609, -79.833984, 989.746094
-64.208984, -76.904297, 943.359375
-75.439453, -52.001953, 978.515625
-92.529297, -36.865234, 1019.531250
-124.267578, 14.648438, 991.210938
-130.615234, -28.076172, 995.117188
-142.822266, -23.681641, 1012.207031
-178.955078, -7.568359, 968.750000
-197.509766, -10.498047, 989.257812
-228.271484, -24.169922, 979.492188
-266.357422, -31.005859, 1010.742188
-295.654297, -34.912109, 971.679688
-275.634766, -31.982422, 1004.394531
-264.892578, -23.681641, 1022.460938
-,-,-
20.996094, -65.185547, 1022.460938
-16.845703, -59.326172, 1041.992188
-23.681641, -100.341797, 946.289062
-25.146484, -108.154297, 966.796875
-18.798828, -95.947266, 1022.460938
11.230469, -81.787109, 978.515625
22.949219, -77.880859, 996.582031
27.832031, -72.509766, 1005.371094
46.875000, -82.763672, 985.351562
27.832031, -85.693359, 1000.488281
15.136719, -87.646484, 1014.648438
-18.310547, -87.646484, 988.281250
-34.912109, -54.443359, 1010.253906
-60.302734, -25.146484, 1023.437500
-62.744141, -30.029297, 985.351562
-71.533203, -37.841797, 969.726562
-89.599609, -19.287109, 992.187500
-99.365234, -51.513672, 984.375000
-165.283203, -48.095703, 1007.324219
-177.490234, -32.958984, 994.140625
-223.388672, -35.888672, 955.078125
-228.271484, -33.935547, 988.281250
-242.919922, -73.486328, 1006.347656
-179.443359, -48.583984, 983.398438
-209.228516, -49.072266, 1023.437500
-179.931641, -32.958984, 1030.273438
-,-,-
179.199219, -49.072266, 975.585938
166.992188, -114.990234, 1089.843750
84.960938, -53.466797, 1059.570312
79.101562, -54.443359, 1008.300781
94.238281, -57.373047, 1025.390625
35.156250, -86.669922, 1046.875000
43.457031, -89.599609, 953.125000
29.296875, -70.068359, 1028.320312
33.691406, -51.513672, 960.937500
23.925781, -53.466797, 1008.300781
25.878906, -49.560547, 1037.109375
19.531250, -48.095703, 983.398438
4.394531, -51.513672, 993.652344
-11.474609, -56.396484, 1009.277344
-15.380859, -35.888672, 984.863281
-44.677734, -26.123047, 994.628906
-66.650391, -29.052734, 976.562500
-96.923828, -29.052734, 979.492188
-79.833984, -15.380859, 1002.441406
-93.017578, -31.982422, 976.562500
-125.244141, -30.029297, 982.421875
-130.126953, -60.302734, 972.656250
-156.982422, -48.095703, 994.140625
-176.513672, -56.396484, 980.468750
-214.599609, -36.865234, 986.328125
-225.341797, -50.048828, 974.609375
-252.197266, -40.771484, 993.164062
-305.419922, -37.841797, 1033.203125
-249.755859, -36.865234, 1007.324219
-,-,-
159.179688, -47.119141, 1113.281250
108.398438, -68.115234, 1059.570312
76.171875, -75.439453, 935.546875
36.621094, -95.458984, 967.773438
25.390625, -103.271484, 962.890625
5.371094, -102.294922, 1019.531250
4.394531, -102.294922, 996.093750
0.488281, -84.716797, 999.511719
6.835938, -81.787109, 990.722656
-26.611328, -82.763672, 985.351562
-40.283203, -72.509766, 991.699219
-52.490234, -52.490234, 1001.464844
-63.720703, -51.513672, 991.210938
-80.810547, -35.888672, 987.304688
-96.923828, -45.654297, 951.171875
-125.732422, -25.146484, 1021.484375
-105.712891, -14.404297, 967.773438
-126.708984, -22.216797, 958.007812
-150.146484, -22.216797, 1018.554688
-127.685547, -34.912109, 959.960938
-104.736328, -23.193359, 966.796875
-159.423828, -33.935547, 1010.742188
-218.505859, 11.718750, 1020.507812
-230.224609, -42.724609, 922.851562
-339.599609, -64.208984, 1022.460938
-332.763672, -73.486328, 972.656250
-282.958984, -55.419922, 954.101562
-,-,-
103.515625, -81.787109, 1081.054688
64.453125, -49.072266, 1009.277344
20.996094, -24.658203, 958.984375
-36.865234, -77.880859, 1034.179688
24.414062, -78.857422, 967.773438
-19.287109, -72.509766, 1012.207031
-12.451172, -70.556641, 1016.113281
-8.544922, -61.279297, 973.632812
11.718750, -52.490234, 997.070312
-0.732422, -44.677734, 995.605469
-17.822266, -41.748047, 973.632812
-44.189453, -24.658203, 1020.507812
-52.490234, -47.119141, 967.773438
-70.556641, -11.474609, 989.257812
-82.763672, -15.380859, 990.234375
-89.111328, -34.912109, 980.468750
-110.595703, 8.789062, 1039.062500
-126.708984, -10.498047, 970.703125
-108.154297, -11.474609, 986.328125
-127.685547, -16.845703, 1008.300781
-121.826172, -9.521484, 993.164062
-143.310547, 7.812500, 979.492188
-167.724609, -12.451172, 973.632812
-242.431641, -7.568359, 990.234375
-344.482422, 14.648438, 1019.531250
-337.646484, -35.888672, 944.335938
-,-,-
51.269531, -31.982422, 1209.960938
5.859375, -53.955078, 1011.230469
32.226562, -4.150391, 1041.015625
10.253906, -46.142578, 996.093750
-0.732422, -56.396484, 964.843750
-20.263672, -68.115234, 993.164062
-10.498047, -58.349609, 992.187500
-3.662109, -38.818359, 1008.300781
-13.427734, -27.099609, 1015.136719
4.394531, -25.634766, 981.445312
-6.103516, -43.212891, 977.539062
-9.033203, -31.982422, 994.140625
-15.380859, -31.005859, 1004.394531
-36.865234, -21.240234, 985.351562
-40.283203, -8.544922, 987.792969
-53.955078, -11.474609, 1013.183594
-172.607422, -13.427734, 1069.335938
-93.505859, -16.357422, 959.960938
-101.318359, 8.789062, 1000.000000
-110.107422, 0.488281, 992.187500
-135.498047, 18.554688, 999.023438
-134.521484, -3.662109, 985.351562
-177.978516, -12.451172, 988.281250
-202.392578, 24.902344, 1028.320312
-233.154297, -19.287109, 1010.742188
-273.681641, -10.498047, 965.820312
-,-,-
96.191406, -89.599609, 1188.476562
65.917969, -46.142578, 1061.523438
84.960938, -80.810547, 937.500000
41.015625, -68.603516, 937.500000
12.207031, -85.693359, 1005.371094
-26.123047, -83.740234, 1051.757812
-25.146484, -79.833984, 995.605469
-21.240234, -55.419922, 1009.277344
-4.638672, -47.119141, 986.328125
33.691406, -27.099609, 986.816406
-17.333984, -40.771484, 1021.484375
-18.798828, -44.677734, 994.628906
-54.931641, -60.302734, 976.562500
-72.509766, -49.560547, 994.140625
-86.669922, -22.705078, 979.492188
-54.443359, -22.705078, 982.421875
-75.927734, -24.658203, 992.187500
-87.158203, 6.835938, 999.023438
-98.388672, 15.625000, 1015.625000
-113.525391, 2.929688, 980.468750
-151.611328, 5.371094, 1008.789062
-175.537109, -2.685547, 980.468750
-191.650391, 7.812500, 985.351562
-201.904297, -2.685547, 998.046875
-220.458984, -26.123047, 1017.578125
-214.111328, -45.654297, 986.328125
-203.369141, -34.912109, 996.093750
-,-,-
-5.615234, 21.484375, 1032.226562
31.250000, -4.638672, 984.375000
4.394531, 3.417969, 973.632812
9.277344, 18.554688, 996.093750
20.996094, -10.498047, 991.210938
61.523438, -8.544922, 1003.906250
103.515625, -2.685547, 998.046875
89.355469, 5.859375, 1008.300781
55.175781, -40.771484, 997.558594
47.851562, -25.634766, 981.933594
32.714844, -32.958984, 1006.347656
22.949219, -10.498047, 974.609375
-15.380859, -5.615234, 974.609375
-28.564453, 4.882812, 989.257812
-36.865234, 8.789062, 1012.207031
-92.529297, -12.939453, 996.582031
-105.712891, -13.427734, 992.187500
-82.763672, 31.250000, 1006.347656
-84.228516, 36.132812, 994.140625
-91.552734, 40.039062, 1011.718750
-103.759766, 37.109375, 961.914062
-114.990234, 42.968750, 989.257812
-131.103516, 41.992188, 1017.578125
-128.662109, 36.132812, 998.046875
-616.455078, 71.777344, 1385.253906
-238.037109, -17.333984, 1116.210938
-,-,-
257.324219, -90.576172, 985.351562
194.824219, -15.380859, 1030.273438
149.902344, 12.695312, 997.070312
121.093750, -15.380859, 981.445312
121.582031, 2.929688, 1014.648438
124.511719, 20.507812, 1015.625000
140.136719, 17.578125, 990.234375
133.789062, -4.150391, 992.187500
149.902344, -5.615234, 996.093750
155.273438, 16.601562, 971.679688
132.324219, 27.343750, 974.609375
124.511719, 9.277344, 970.703125
116.699219, 39.062500, 1005.371094
116.210938, 10.742188, 1026.367188
72.753906, 29.785156, 966.796875
52.734375, 42.968750, 990.234375
45.898438, 10.742188, 990.722656
0.488281, 43.945312, 991.699219
1.953125, 60.546875, 1005.371094
-15.869141, 62.500000, 1005.371094
-61.767578, 59.570312, 1010.742188
-65.185547, 48.828125, 996.093750
-69.091797, 71.777344, 997.070312
-72.021484, 48.339844, 979.492188
-105.712891, 48.339844, 1013.671875
-114.501953, 64.453125, 1000.488281
-153.076172, 48.828125, 1012.695312
-168.212891, 52.734375, 1024.414062
-155.029297, 23.437500, 984.375000
-165.771484, 50.781250, 1032.226562
-212.158203, 1.953125, 1051.757812
-,-,-
158.203125, -29.052734, 1013.671875
102.050781, -33.935547, 1028.320312
91.796875, -25.634766, 989.257812
39.550781, -28.076172, 1000.000000
30.273438, -35.888672, 995.605469
39.062500, -37.841797, 996.093750
14.648438, -34.912109, 990.722656
37.109375, -12.451172, 974.609375
28.808594, -25.146484, 1004.394531
36.621094, -15.380859, 996.582031
37.109375, -25.634766, 1021.972656
15.625000, -6.103516, 1000.488281
11.230469, -3.662109, 969.726562
-26.123047, 5.859375, 982.421875
-33.447266, -2.197266, 984.375000
-50.537109, 14.648438, 981.933594
-49.560547, 27.343750, 989.257812
-84.228516, 98.144531, 1112.304688
-37.353516, 13.671875, 999.023438
-58.349609, -18.310547, 1002.441406
-88.134766, 6.835938, 1010.253906
-64.208984, 14.648438, 949.218750
-112.548828, 27.832031, 1001.464844
-105.224609, 11.718750, 981.445312
-167.236328, 8.789062, 982.421875
-201.416016, 28.808594, 1039.062500
-276.611328, 23.437500, 1073.242188
-275.634766, -2.685547, 1000.000000
-,-,-
238.281250, 58.593750, 1003.417969
179.199219, 7.812500, 1010.253906
134.277344, -46.142578, 1007.324219
81.054688, -22.216797, 1008.300781
53.710938, -25.146484, 1014.648438
25.878906, -57.861328, 1074.707031
24.414062, -46.142578, 949.218750
9.277344, -37.841797, 993.652344
-6.103516, -33.935547, 1040.039062
24.414062, -17.333984, 1052.734375
9.277344, -24.169922, 1003.906250
19.531250, -17.333984, 960.937500
4.394531, -21.240234, 988.769531
-1.708984, -31.005859, 947.265625
-28.076172, -18.310547, 997.558594
-15.869141, 12.695312, 982.421875
-20.263672, 16.601562, 993.164062
-50.537109, 5.371094, 1007.324219
-57.861328, 11.718750, 1001.464844
-48.583984, 29.296875, 1041.015625
-50.048828, 36.132812, 973.632812
-71.044922, 27.343750, 981.445312
-72.998047, 66.406250, 1023.437500
-85.205078, 34.179688, 995.117188
-116.455078, -3.662109, 965.820312
-172.607422, 27.343750, 1014.648438
-175.537109, 42.968750, 1000.976562
-179.931641, 23.437500, 992.187500
-214.111328, 21.972656, 1085.937500
-,-,-
259.765625, -53.466797, 912.597656
193.359375, -85.693359, 1148.437500
214.843750, -36.865234, 891.601562
131.835938, -63.232422, 1012.695312
94.238281, -70.068359, 993.164062
96.191406, -49.072266, 984.375000
76.171875, -37.841797, 1027.343750
48.339844, -50.537109, 1021.484375
58.593750, -57.373047, 1011.230469
35.156250, -47.119141, 1013.183594
48.828125, -50.537109, 984.375000
57.617188, -31.982422, 997.558594
48.828125, -25.634766, 970.703125
45.898438, -16.357422, 997.070312
52.734375, -35.888672, 1021.484375
26.367188, -16.845703, 972.167969
23.437500, -1.220703, 1026.367188
18.554688, -18.798828, 1013.183594
-13.427734, -17.333984, 977.539062
0.488281, -60.302734, 1010.253906
-55.908203, -4.638672, 992.187500
-62.744141, 8.789062, 980.468750
-75.927734, 35.156250, 985.351562
-77.880859, 37.109375, 1015.625000
-93.505859, 49.316406, 1017.578125
-127.685547, 38.085938, 1014.648438
-182.373047, 22.949219, 1009.765625
-202.392578, -0.244141, 1073.242188
-,-,-
305.175781, -90.576172, 1075.195312
272.460938, -31.494141, 988.281250
178.222656, -46.142578, 982.421875
102.539062, -56.396484, 981.445312
124.511719, -50.048828, 990.234375
85.937500, -60.302734, 1001.464844
56.152344, -51.513672, 992.187500
57.617188, -28.076172, 968.750000
55.175781, -28.076172, 992.675781
59.082031, 4.882812, 1010.253906
22.949219, -40.771484, 1030.273438
-10.009766, -7.568359, 978.515625
-28.076172, 1.464844, 941.406250
-40.283203, 17.578125, 942.382812
-64.208984, 24.902344, 1056.640625
-53.955078, 4.394531, 995.605469
-67.626953, 15.625000, 1056.640625
-17.822266, 16.601562, 1022.460938
-60.302734, 36.132812, 931.640625
-45.654297, 40.039062, 986.328125
-55.908203, 26.367188, 991.210938
-73.974609, 43.945312, 1000.000000
-134.521484, 29.296875, 1011.718750
-124.267578, -11.474609, 1050.781250
-,-,-
278.320312, -74.462891, 915.039062
234.863281, -89.599609, 958.007812
152.832031, -73.486328, 981.933594
115.234375, -85.693359, 981.445312
70.312500, -34.912109, 1004.394531
57.617188, -64.208984, 971.679688
58.593750, -38.818359, 976.562500
68.847656, -19.287109, 1023.437500
53.710938, -29.052734, 1029.296875
65.917969, -31.005859, 981.445312
37.597656, -27.099609, 958.007812
12.207031, -63.232422, 977.539062
-3.662109, -59.326172, 1016.601562
-34.423828, -48.095703, 958.007812
-77.880859, -44.677734, 1003.417969
-57.861328, -24.169922, 989.257812
-78.369141, -12.451172, 969.726562
-98.876953, -19.287109, 973.632812
-114.013672, 46.386719, 1085.937500
-123.291016, 14.648438, 962.890625
-179.931641, 21.972656, 1032.226562
-214.599609, -22.705078, 1040.039062
-310.302734, -35.888672, 1019.531250
-317.626953, -34.912109, 967.773438
-,-,-
326.171875, -55.419922, 1026.367188
296.875000, -33.935547, 956.054688
213.378906, -77.880859, 921.875000
192.382812, -110.107422, 980.468750
137.695312, -70.556641, 1022.460938
155.273438, -58.349609, 978.515625
130.371094, -52.978516, 1001.464844
133.300781, -58.349609, 933.593750
117.675781, -12.451172, 1000.488281
138.183594, -5.615234, 1018.554688
115.722656, -22.216797, 982.421875
104.492188, -36.865234, 971.679688
66.894531, -52.978516, 1006.347656
46.875000, -74.951172, 981.445312
51.269531, -16.357422, 983.886719
36.132812, -14.404297, 963.867188
46.386719, -2.197266, 1002.441406
18.554688, 9.765625, 980.468750
-9.521484, -28.076172, 1009.765625
-37.353516, 14.648438, 1017.578125
-46.630859, 6.835938, 965.820312
-70.068359, 0.000000, 977.539062
-102.783203, -15.380859, 958.984375
-148.193359, -21.240234, 1061.523438
-185.791016, -47.119141, 967.773438
-245.361328, -13.427734, 1013.671875
-334.716797, -41.748047, 1018.554688
-394.287109, -29.052734, 1027.343750
-,-,-
442.871094, -102.294922, 815.429688
265.625000, -23.681641, 1001.953125
136.230469, -50.537109, 1007.324219
205.566406, -41.748047, 938.476562
136.718750, -60.302734, 993.164062
85.937500, -26.123047, 993.164062
117.675781, -18.798828, 998.535156
89.843750, -12.451172, 994.140625
67.871094, 2.441406, 986.816406
55.175781, -7.568359, 971.679688
23.925781, -0.244141, 1019.042969
26.855469, -10.498047, 977.539062
33.691406, 18.066406, 1007.324219
-28.564453, -4.150391, 986.328125
-19.287109, 10.742188, 997.070312
-31.005859, -13.427734, 1035.156250
-35.400391, -3.173828, 945.312500
-79.345703, -27.099609, 979.492188
-108.154297, -5.615234, 1000.000000
-95.458984, 0.488281, 1011.230469
-96.923828, 21.972656, 997.070312
-102.294922, 50.292969, 1029.296875
-93.505859, 54.687500, 996.093750
-105.712891, 37.109375, 1009.765625
-173.095703, -46.142578, 1017.578125
-194.091797, -60.302734, 1124.023438
-250.732422, -170.654297, 1017.578125
-,-,-
283.203125, -77.880859, 954.101562
292.480469, -76.904297, 1187.500000
229.492188, -56.396484, 1000.976562
260.742188, 42.480469, 1017.578125
199.218750, -63.232422, 975.585938
173.339844, -58.349609, 979.492188
148.925781, -52.490234, 964.843750
102.050781, -34.912109, 963.867188
79.101562, -34.912109, 981.445312
47.851562, -27.099609, 1038.085938
57.128906, -18.798828, 981.933594
39.550781, 2.441406, 1004.394531
-13.427734, -11.474609, 1002.441406
-17.333984, 4.394531, 985.351562
-60.791016, 4.882812, 1023.437500
-28.076172, 1.464844, 972.656250
-73.974609, -7.568359, 984.375000
-76.904297, -15.380859, 1000.976562
-109.130859, -17.333984, 1017.578125
-130.126953, -1.220703, 986.328125
-194.091797, -10.498047, 1011.718750
-215.576172, -7.568359, 1021.484375
-247.314453, -13.427734, 1015.625000
-226.318359, -30.029297, 1031.250000
-,-,-
237.304688, -35.888672, 1121.093750
210.937500, -38.818359, 962.890625
230.468750, -69.580078, 983.398438
204.101562, -58.349609, 994.140625
183.105469, -13.427734, 977.539062
157.714844, -66.162109, 983.398438
125.976562, -99.853516, 966.796875
107.910156, 10.742188, 1043.945312
100.097656, -53.955078, 1046.875000
69.335938, -67.138672, 961.914062
40.039062, -45.166016, 972.656250
6.347656, -32.470703, 1014.160156
-14.404297, -15.380859, 997.558594
-32.958984, -2.685547, 1009.765625
-44.189453, 25.390625, 1005.371094
-31.982422, 24.414062, 979.492188
-26.611328, 37.109375, 1001.953125
-79.345703, 21.484375, 991.210938
-59.326172, 26.367188, 1029.296875
-102.294922, -2.197266, 977.539062
-74.951172, 13.671875, 1003.906250
-90.087891, 12.695312, 1033.203125
-134.033203, -4.638672, 1007.812500
-191.650391, 18.554688, 1021.484375
-238.037109, -28.076172, 1067.382812
-,-,-
244.628906, -51.513672, 968.750000
196.777344, -95.458984, 1056.640625
160.156250, -40.771484, 1046.875000
132.812500, -45.654297, 1037.109375
117.675781, -16.357422, 972.656250
105.468750, -17.333984, 980.468750
88.378906, -50.537109, 956.054688
104.492188, -46.142578, 956.054688
75.195312, -59.326172, 963.867188
45.898438, -41.748047, 1032.226562
26.367188, -30.029297, 1043.945312
44.921875, -37.841797, 999.511719
41.503906, -40.771484, 1010.253906
11.718750, -3.173828, 1054.687500
15.136719, -0.244141, 1013.183594
-9.521484, -23.193359, 991.210938
-42.724609, -56.396484, 957.031250
-33.447266, -19.775391, 977.539062
-32.958984, -4.638672, 989.257812
-58.349609, -1.708984, 1064.453125
-75.927734, -17.333984, 969.726562
-70.068359, -38.818359, 985.351562
-97.412109, -9.521484, 990.234375
-105.224609, -23.681641, 1020.507812
-104.248047, -11.474609, 1010.253906
-130.126953, -10.498047, 1042.968750
-210.205078, -26.611328, 1024.414062
